7.484266666666667334e+02 7.297599999999999909e+02 1.028914839261878988e+00
7.500399999999999636e+02 7.324400000000000546e+02 9.652516631898925281e-01
7.518400000000000318e+02 7.350399999999999636e+02 9.031934852680496562e-01
7.538266666666667106e+02 7.375600000000000591e+02 7.876731025993201074e-01
7.579200000000000728e+02 7.416720000000000255e+02 5.783622361242417576e-01
7.600399999999999636e+02 7.430560000000000400e+02 4.910159750218992536e-01
7.620000000000000000e+02 7.441040000000000418e+02 4.320554147676218815e-01
7.634400000000000546e+02 7.447680000000000291e+02 5.732544103929864132e-01
7.684960000000000946e+02 7.480320000000001528e+02 6.073994196461439676e-01
7.714080000000001291e+02 7.500560000000000400e+02 6.279381630562644867e-01
7.730720000000001164e+02 7.512640000000000100e+02 6.603062493084066453e-01
7.738240000000000691e+02 7.518480000000000700e+02 7.641247773733910176e-01
7.782400000000001228e+02 7.560800000000001546e+02 9.006742893683897799e-01
7.799200000000000728e+02 7.582000000000000455e+02 1.127693771827512181e+00
7.804800000000000182e+02 7.593799999999999955e+02 9.611364600828141702e-01
7.813600000000000136e+02 7.606399999999999864e+02 6.687700889851442287e-01
7.851360000000000809e+02 7.636240000000000236e+02 3.394274216788921716e-01
7.866880000000001019e+02 7.641720000000000255e+02 2.686009664623295046e-01
7.882720000000000482e+02 7.646079999999999472e+02 2.296424422851483238e-01
7.895040000000000191e+02 7.648959999999999582e+02 6.270355311094902850e-01
7.938320000000001073e+02 7.680320000000001528e+02 7.434060561760547081e-01
7.958160000000000309e+02 7.698559999999999945e+02 8.782976885109131659e-01
7.969839999999999236e+02 7.712640000000000100e+02 9.109961653835380035e-01
7.983680000000000518e+02 7.730480000000000018e+02 8.609442312550732446e-01
8.025200000000000955e+02 7.778800000000001091e+02 9.983365129768464463e-01
8.036800000000000637e+02 7.796800000000000637e+02 9.855792313633662260e-01
8.047799999999999727e+02 7.813400000000000318e+02 8.282290960661339296e-01
8.061200000000001182e+02 7.828000000000000682e+02 4.025640437481420864e-01
8.102720000000001619e+02 7.845680000000000973e+02 -7.564098985768599737e-02
8.124360000000000355e+02 7.844039999999999964e+02 -2.912560315815357903e-01
8.142640000000001237e+02 7.838559999999999945e+02 -4.328090596581439242e-01
8.155280000000000200e+02 7.832720000000000482e+02 2.169900707724411459e-01
8.210800000000001546e+02 7.844960000000000946e+02 3.780408988731611686e-01
8.238800000000001091e+02 7.856079999999999472e+02 5.699966712759008125e-01
8.255399999999999636e+02 7.866720000000000255e+02 6.834947308747970629e-01
8.272000000000000455e+02 7.880240000000000009e+02 6.183203990389763982e-01
8.328960000000001855e+02 7.920760000000000218e+02 7.556803988070707190e-01
8.346280000000000427e+02 7.937080000000000837e+02 8.236005548591165404e-01
8.360119999999999436e+02 7.952019999999999982e+02 7.313813253629145583e-01
8.378640000000000327e+02 7.968640000000000327e+02 5.458757953295566567e-01
8.425920000000000982e+02 7.997360000000001037e+02 2.958292201561449342e-01
8.444359999999999218e+02 8.002980000000000018e+02 2.216955710147126002e-01
8.461839999999999691e+02 8.006920000000000073e+02 1.760717782203258253e-01
8.474880000000000564e+02 8.009239999999999782e+02 8.703318815898899441e-01
8.511200000000001182e+02 8.052319999999999709e+02 1.105364598366859630e+00
8.529200000000000728e+02 8.088160000000000309e+02 1.276160735077068731e+00
8.537599999999999909e+02 8.115840000000000600e+02 1.437070052013643240e+00
8.540000000000000000e+02 8.133680000000000518e+02 -7.383125725170818221e-01
8.548000000000001819e+02 8.126400000000001000e+02 1.586552621863792367e-01
8.568000000000000682e+02 8.129600000000000364e+02 5.585993153435719893e-01
8.600000000000000000e+02 8.149600000000000364e+02 6.965239885843236278e-01
8.644000000000000909e+02 8.186399999999999864e+02 7.635038522746793177e-01
8.700000000000000000e+02 8.240000000000000000e+02 7.635038522746793177e-01
